5.303878316637163834e+02 6.527287881608975795e+02
6.609059262005903292e+02 5.220242669964599145e+02
6.612925692684369778e+02 6.531220482710467650e+02
5.317671415398233421e+02 5.235711434716763506e+02
3.599004092193518431e+02 8.106932577174671906e+02
1.502832313115993657e+03 5.795225129039343983e+02
1.612329629930153487e+03 5.798318881989775946e+02
1.614804145564371765e+03 6.627444672705748872e+02
1.502832313115993657e+03 6.528444578291901053e+02
7.700362735511732808e+02 8.183762767635726050e+02
1.485812588595435955e+03 3.104955879358784614e+02
1.260179586836472026e+03 4.720105623562707251e+02
1.375317477579975275e+03 6.379610003302746009e+02
