7.877843621574748489e+00 2.243584329100404506e+00 -6.307256408159275241e-01
8.016282935107565066e+00 1.351487799562063552e+00 1.551760614412096562e-01
8.037613182981552029e+00 1.367424454550830504e+00 -6.512883405808893578e-01
8.070610843683091673e+00 2.278613953699511807e+00 2.568119131652353282e-01
7.826599412703115100e+00 3.220717582026191295e+00 -1.445177093330312523e+00
8.274609393480982789e+00 -3.468500052832794278e+00 -2.516695634557908345e-01
8.223272325388421677e+00 -4.204768258558100769e+00 -2.653675366157057791e-01
8.197484632838186513e+00 -4.202069520206373809e+00 -7.534220324868503571e-01
8.279750092904237135e+00 -3.464547755907052107e+00 -6.420896707297939487e-01
7.812381391636811223e+00 9.103533021715115581e-01 -1.476203033388007402e+00
2.184378693874959865e+01 -8.964617846354055786e+00 3.366315552823105683e+00
2.447224711378335726e+01 -5.842824715859219253e+00 9.163756782056473593e-01
2.436646011860239724e+01 -7.809257636202952213e+00 -2.097884447905590033e+00
